ComboList

20011,
20011,
20011,
20011,
20011,
20011,
20011,
20011,